1.999
1.89
1.817
1.734
1.653
1.577
1.521
1.448
1.356
1.281
1.215
1.162
1.084
1.027
0.943
0.88
0.814
0.774
0.733
0.677
0.624
0.559
0.518
0.476
0.432
0.402
0.371
0.327
0.291
0.249
0.231
0.22
0.194
0.18
0.182
0.185
0.172
0.147
0.161
0.166
0.184
0.184
0.206
0.229
0.26
0.288
0.308
0.334
0.361
0.389
0.435
0.491
0.537
0.575
0.621
0.673
0.721
0.769
0.814
0.864
0.929
0.977
1.047
1.092
1.156
1.218
1.272
1.33
1.388
1.453
1.511
1.575
1.633
1.687
1.754
1.821
1.876
1.917
1.965
2.018
2.072
2.116
2.165
2.212
2.257
2.296
2.342
2.371
2.412
2.447
2.476
2.502
2.525
2.537
2.554
2.552
2.557
2.574
2.569
2.562
2.564
2.56
2.556
2.552
2.547
2.53
2.516
2.498
2.457
2.431
2.398
2.357
2.313
2.279
2.25
2.207
2.156
2.113
2.074
2.019
1.949
1.9
1.842
1.801
1.741
1.688
1.624
1.57
1.493
1.424
1.35
1.282
1.218
1.155
1.098
1.051
0.993
0.933
0.872
0.83
0.795
0.743
0.7
0.654
0.602
0.578
0.533
0.498
0.458
0.433
0.401
0.367
0.345
0.331
0.324
0.326
0.303
0.287
0.276
0.27
0.273
0.266
0.278
0.293
0.309
0.327
0.339
0.361
0.384
0.414
0.445
0.477
0.528
0.56
0.59
0.624
0.671
0.706
0.774
0.816
0.876
0.922
0.987
1.035
1.084
1.133
1.188
1.253
1.319
1.386
1.451
1.513
1.574
1.635
1.705
1.76
1.812
1.877
1.934
1.99
2.048
2.101
2.152
2.214
2.259
2.304
2.351
2.396
2.438
2.479
2.507
2.546
2.572
2.603
2.64
2.669
2.678
2.697
2.718
2.721
2.727
2.73
2.746
2.744
2.738
2.727
2.718
2.709
2.689
2.678
2.665
2.643
2.627
2.609
2.572
2.531
2.494
2.458
2.416
2.382
2.336
2.283
2.23
2.178
2.127
2.08
2.021
1.963
1.91
1.841
1.778
1.699
1.621
1.545
1.476
1.398
1.332
1.265
1.189
1.132
1.081
1.012
0.944
0.883
0.823
0.774
0.717
0.666
0.609
0.558
0.512
0.456
0.41
0.377
0.346
0.305
0.264
0.236
0.204
0.186
0.178
0.169
0.158
0.134
0.138
0.128
0.126
0.126
0.122
0.13
0.144
0.167
0.182
0.197
0.213
0.237
0.269
0.304
0.339
0.365
0.405
0.448
0.491
0.52
0.566
0.615
0.669
0.718
0.764
0.808
0.877
0.935
0.99
1.04
1.11
1.177
1.248
1.308
1.375
1.442
1.505
1.564
1.62
1.676
1.735
1.795
1.849
1.906
1.965
2.009
2.053
2.112
2.164
2.197
2.239
2.276
2.323
2.369
2.407
2.436
2.473
2.499
2.513
2.542
2.559
2.572
2.577
2.591
2.592
2.596
2.591
2.582
2.576
2.57
2.552
2.534
2.505
2.489
2.463
2.449
2.425
2.401
2.366
2.338
2.301
2.265
2.222
2.182
2.151
2.103
2.055
2.02
1.974
1.908
1.847
1.781
1.715
1.652
1.595
1.541
1.477
1.391
1.327
1.273
1.203
1.145
1.081
1.039
0.968
0.92
0.868
0.834
0.782
0.737
0.694
0.654
0.603
0.562
0.549
0.499
0.458
0.434
0.416
0.395
0.383
0.357
0.356
0.359
0.347
0.331
0.335
0.331
0.33
0.345
0.359
0.377
0.399
0.415
0.424
0.47
0.509
0.524
0.56
0.594
0.622
0.663
0.715
0.74
0.788
0.839
0.886
0.951
0.997
1.015
1.072
1.141
1.201
1.256
1.318
1.384
1.461
1.513
1.568
1.616
1.687
1.739
1.792
1.849
1.908
1.953
2.009
2.055
2.11
2.16
2.222
2.272
2.312
2.365
2.405
2.446
2.498
2.531
2.563
2.591
2.638
2.669
2.681
2.691
2.712
2.732
2.745
2.74
2.744
2.752
2.751
2.747
2.743
2.735
2.714
2.694
2.68
2.655
2.62
2.599
2.58
2.548
2.511
2.471
2.43
2.382
2.336
2.283
2.235
2.19
2.133
2.074
2.015
1.96
1.909
1.845
1.779
1.709
1.642
1.571
1.49
1.415
1.361
1.295
1.245
1.183
1.123
1.06
0.99
0.934
0.881
0.823
0.772
0.725
0.669
0.624
0.576
0.52
0.474
0.44
0.398
0.365
0.331
0.298
0.268
0.241
0.213
0.206
0.198
0.187
0.169
0.163
0.165
0.159
0.165
0.174
0.181
0.198
0.205
0.221
0.239
0.26
0.291
0.321
0.357
0.397
0.431
0.465
0.504
0.55
0.601
0.651
0.703
0.746
0.799
0.856
0.899
0.959
1.015
1.069
1.135
1.202
1.263
1.323
1.385
1.441
1.503
1.553
1.615
1.676
1.741
1.798
1.857
1.909
1.962
2.012
2.058
2.102
2.146
2.187
2.236
2.271
2.312
2.346
2.38
2.408
2.437
2.471
2.489
2.504
2.519
2.539
2.555
2.565
2.569
2.577
2.576
2.573
2.57
2.556
2.541
2.529
2.509
2.495
2.465
2.438
2.414
2.381
2.356
2.324
2.284
2.245
2.211
2.165
2.119
2.07
2.019
1.979
1.933
1.873
1.809
1.756
1.696
1.63
1.561
1.489
1.428
1.37
1.311
1.246
1.179
1.13
1.074
1.024
0.965
0.905
0.843
0.79
0.745
0.697
0.652
0.607
0.561
0.52
0.476
0.439
0.417
0.393
0.359
0.337
0.321
0.307
0.287
0.268
0.264
0.26
0.257
0.265
0.271
0.275
0.28
0.301
0.317
0.335
0.357
0.377
0.402
0.426
0.445
0.481
0.512
0.547
0.585
0.625
0.665
0.71
0.756
0.802
0.85
0.9
0.963
1.021
1.071
1.127
1.188
1.252
1.316
1.379
1.438
1.495
1.558
1.62
1.685
1.738
1.796
1.856
1.914
1.965
2.019
2.071
2.119
2.164
2.212
2.265
2.31
2.347
2.381
2.415
2.447
2.482
2.514
2.538
2.558
2.58
2.594
2.602
2.612
2.618
2.624
2.626
2.62
2.613
2.609
2.607
2.598
2.589
2.569
2.551
2.532
2.502
2.463
2.435
2.404
2.367
2.329
2.288
2.247
2.214
2.166
2.111
2.06
2.013
1.957
1.902
1.843
1.783
1.716
1.651
1.583
1.51
1.431
1.363
1.3
1.228
1.159
1.094
1.03
0.978
0.925
0.863
0.813
0.753
0.69
0.638
0.584
0.542
0.5
0.459
0.416
0.38
0.347
0.316
0.277
0.251
0.224
0.197
0.172
0.152
0.138
0.133
0.125
0.12
0.118
0.118
0.121
0.131
0.134
0.15
0.168
0.194
0.218
0.236
0.256
0.282
0.314
0.344
0.377
0.414
0.458
0.501
0.559
0.604
0.655
0.708
0.765
0.825
0.88
0.941
0.999
1.063
1.125
1.193
1.259
1.322
1.381
1.439
1.501
1.561
1.617
1.675
1.736
1.794
1.846
1.904
1.958
2.013
2.059
2.106
2.157
2.202
2.249
2.293
2.333
2.365
2.402
2.434
2.463
2.485
2.511
2.531
2.544
2.56
2.572
2.586
2.591
2.592
2.588
2.59
2.58
2.572
2.561
2.542
2.522
2.511
2.488
2.455
2.423
2.386
2.352
2.309
2.269
2.226
2.184
2.14
2.094
2.044
1.996
1.952
1.897
1.848
1.796
1.738
1.674
1.608
1.544
1.472
1.401
1.341
1.271
1.206
1.139
1.084
1.021
0.969
0.912
0.862
0.807
0.757
0.708
0.649
0.602
0.557
0.513
0.475
0.436
0.399
0.367
0.341
0.317
0.287
0.261
0.24
0.225
0.217
0.207
0.201
0.199
0.201
0.208
0.217
0.228
0.235
0.251
0.264
0.286
0.311
0.341
0.383
0.406
0.428
0.46
0.503
0.542
0.584
0.627
0.669
0.72
0.775
0.819
0.879
0.937
1.002
1.057
1.124
1.191
1.256
1.324
1.384
1.449
1.516
1.575
1.628
1.692
1.753
1.81
1.86
1.927
1.985
2.035
2.088
2.14
2.189
2.238
2.282
2.318
2.354
2.394
2.433
2.461
2.499
2.526
2.548
2.569
2.589
2.597
2.609
2.618
2.627
2.633
2.629
2.627
2.624
2.61
2.598
2.588
2.573
2.548
2.529
2.501
2.469
2.442
2.41
2.372
2.334
2.297
2.258
2.209
2.154
2.108
2.052
1.999
1.939
1.881
1.83
1.772
1.709
1.644
1.578
1.502
1.432
1.36
1.287
1.227
1.162
1.104
1.035
0.971
0.903
0.849
0.794
0.739
0.686
0.637
0.59
0.547
0.487
0.435
0.402
0.366
0.343
0.304
0.266
0.24
0.224
0.202
0.176
0.161
0.154
0.144
0.14
0.137
0.139
0.147
0.153
0.158
0.169
0.184
0.198
0.228
0.264
0.285
0.315
0.355
0.39
0.431
0.464
0.506
0.553
0.61
0.656
0.713
0.766
0.815
0.866
0.92
0.97
1.035
1.085
1.153
1.221
1.281
1.341
1.415
1.486
1.545
1.599
1.661
1.73
1.799
1.859
1.918
1.971
2.03
2.088
2.14
2.186
2.232
2.275
2.317
2.364
2.405
2.443
2.486
2.531
2.56
2.587
2.61
2.636
2.658
2.681
2.689
2.69
2.7
2.71
2.69
2.685
2.681
2.676
2.66
2.648
2.62
2.609
2.587
2.558
2.531
2.508
2.476
2.427
2.394
2.358
2.302
2.257
2.21
2.159
2.104
2.054
1.991
1.937
1.875
1.808
1.739
1.679
1.61
1.54
1.457
1.378
1.323
1.26
1.189
1.121
1.059
0.998
0.933
0.875
0.818
0.764
0.693
0.636
0.598
0.546
0.499
0.47
0.422
0.381
0.349
0.315
0.282
0.276
0.267
0.245
0.227
0.215
0.193
0.19
0.19
0.191
0.193
0.205
0.206
0.224
0.256
0.269
0.289
0.313
0.333
0.368
0.39
0.43
0.472
0.504
0.549
0.594
0.65
0.711
0.76
0.805
0.868
0.924
0.991
1.045
1.115
1.178
1.25
1.307
1.37
1.432
1.516
1.578
1.65
1.712
1.777
1.833
1.902
1.959
2.015
2.063
2.129
2.191
2.25
2.299
2.344
2.395
2.444
2.479
2.516
2.551
2.59
2.624
2.658
2.69
2.727
2.754
2.768
2.773
2.779
2.799
2.803
2.812
2.819
2.819
2.822
2.811
2.779
2.762
2.748
2.725
2.689
2.679
2.649
2.614
2.574
2.544
2.507
2.457
2.402
2.363
2.312
2.263
2.211
2.18
2.112
2.055
1.987
1.92
1.856
1.802
1.728
1.657
1.588
1.526
1.44
1.353
1.291
1.247
1.188
1.134
1.068
1.037
0.981
0.901
0.843
0.804
0.749
0.691
0.647
0.606
0.579
0.56
0.505
0.489
0.458
0.441
0.409
0.391
0.386
0.371
0.384
0.383
0.389
0.373
0.364
0.368
0.39
0.408
0.426
0.451
0.48
0.525
0.547
0.586
0.623
0.667
0.695
0.747
0.808
0.871
0.917
0.966
1.014
1.089
1.15
1.21
1.267
1.324
1.395
1.46
1.534
1.604
1.671
1.755
1.828
1.886
1.954
2.019
2.114
2.161
2.214
2.29
2.356
2.414
2.489
2.552
2.599
2.647
2.692
2.743
2.8
2.854
2.896
2.934
2.977
3.024
3.053
3.081
3.104
3.127
3.134
3.14
3.155
3.155
3.156
3.163
3.148
3.152
3.147
3.13
3.101
3.091
3.07
3.046
3.015
3.002
2.973
2.943
2.901
2.858
2.813
2.77
2.725
2.657
2.611
2.561
2.495
2.423
2.358
2.284
2.226
2.158
2.072
2.006
1.943
1.872
1.788
1.707
1.626
1.567
1.506
1.442
1.361
1.289
1.222
1.156
1.084
1.037
0.972
0.908
0.845
0.797
0.729
0.685
0.641
0.592
0.558
0.527
0.49
0.464
0.433
0.417
0.404
0.383
0.357
0.343
0.318
0.326
0.326
0.329
0.342
0.35
0.364
0.39
0.41
0.436
0.46
0.489
0.518
0.555
0.584
0.634
0.664
0.725
0.762
0.813
0.855
0.909
0.963
1.031
1.09
1.154
1.224
1.276
1.349
1.409
1.483
1.543
1.606
1.677
1.744
1.803
1.869
1.934
1.989
2.046
2.106
2.174
2.232
2.286
2.334
2.385
2.433
2.483
2.529
2.567
2.61
2.644
2.679
2.714
2.735
2.772
2.79
2.796
2.812
2.83
2.833
2.831
2.847
2.843
2.833
2.831
2.825
2.817
2.797
2.787
2.779
2.751
2.732
2.706
2.671
2.626
2.595
2.551
2.493
2.444
2.398
2.36
2.298
2.253
2.196
2.141
2.078
2.032
1.971
1.897
1.823
1.743
1.672
1.608
1.544
1.489
1.421
1.345
1.281
1.22
1.153
1.088
1.039
0.98
0.93
0.894
0.832
0.791
0.73
0.684
0.637
0.601
0.577
0.538
0.504
0.488
0.464
0.44
0.419
0.389
0.377
0.367
0.354
0.359
0.369
0.383
0.39
0.404
0.427
0.444
0.47
0.489
0.507
0.542
0.57
0.6
0.628
0.665
0.714
0.755
0.801
0.862
0.907
0.96
1.004
1.058
1.107
1.161
1.224
1.296
1.363
1.441
1.503
1.571
1.631
1.7
1.761
1.826
1.892
1.958
2.011
2.08
2.141
2.197
2.248
2.31
2.382
2.438
2.468
2.512
2.569
2.622
2.654
2.691
2.722
2.756
2.797
2.814
2.812
2.86
2.873
2.886
2.945
2.95
2.929
2.944
2.958
2.949
2.938
2.932
2.932
2.932
2.889
2.842
2.821
2.822
2.772
2.754
2.716
2.683
2.635
2.562
2.487
2.456
2.407
2.371
2.316
2.273
2.186
2.139
2.071
2.003
1.931
1.878
1.788
1.725
1.649
1.555
1.471
1.403
1.337
1.287
1.203
1.14
1.085
1.011
0.92
0.896
0.847
0.812
0.737
0.658
0.599
0.582
0.544
0.501
0.464
0.414
0.379
0.352
0.325
0.302
0.275
0.272
0.261
0.226
0.248
0.25
0.237
0.244
0.23
0.259
0.287
0.305
0.335
0.343
0.369
0.394
0.441
0.484
0.526
0.566
0.597
0.613
0.668
0.725
0.77
0.825
0.894
0.936
1.011
1.065
1.092
1.154
