1.815
1.738
1.66
1.581
1.503
1.424
1.346
1.269
1.192
1.116
1.041
0.968
0.896
0.825
0.757
0.69
0.626
0.563
0.503
0.446
0.39
0.338
0.288
0.241
0.197
0.155
0.117
0.082
0.05
0.021
-0.004
-0.027
-0.046
-0.061
-0.073
-0.082
-0.087
-0.088
-0.086
-0.081
-0.072
-0.06
-0.044
-0.025
-0.002
0.024
0.053
0.085
0.12
0.158
0.199
0.243
0.289
0.338
0.389
0.443
0.498
0.556
0.616
0.677
0.74
0.805
0.87
0.937
1.005
1.073
1.142
1.211
1.281
1.35
1.42
1.489
1.557
1.625
1.692
1.758
1.823
1.886
1.948
2.008
2.067
2.123
2.178
2.23
2.28
2.328
2.374
2.417
2.457
2.495
2.53
2.563
2.592
2.619
2.643
2.664
2.682
2.697
2.709
2.717
2.723
2.725
2.724
2.719
2.711
2.7
2.685
2.667
2.645
2.62
2.591
2.559
2.524
2.485
2.444
2.399
2.351
2.3
2.247
2.191
2.133
2.073
2.011
1.947
1.882
1.816
1.749
1.681
1.613
1.544
1.475
1.407
1.339
1.271
1.205
1.139
1.075
1.011
0.95
0.89
0.831
0.775
0.721
0.668
0.618
0.571
0.525
0.483
0.443
0.405
0.371
0.339
0.31
0.284
0.262
0.242
0.226
0.212
0.203
0.196
0.193
0.193
0.196
0.203
0.213
0.227
0.243
0.264
0.287
0.313
0.343
0.376
0.411
0.45
0.491
0.535
0.581
0.63
0.681
0.735
0.79
0.847
0.907
0.967
1.03
1.093
1.158
1.224
1.291
1.358
1.426
1.494
1.562
1.63
1.698
1.765
1.832
1.898
1.963
2.027
2.089
2.15
2.21
2.268
2.324
2.378
2.43
2.479
2.527
2.572
2.614
2.654
2.692
2.727
2.759
2.788
2.815
2.838
2.859
2.877
2.891
2.903
2.911
2.917
2.919
2.918
2.913
2.906
2.895
2.88
2.862
2.84
2.815
2.787
2.755
2.719
2.68
2.638
2.593
2.544
2.493
2.438
2.381
2.321
2.259
2.194
2.128
2.059
1.989
1.918
1.846
1.772
1.698
1.624
1.549
1.474
1.4
1.325
1.252
1.179
1.107
1.036
0.967
0.898
0.832
0.767
0.704
0.642
0.583
0.526
0.471
0.419
0.369
0.321
0.276
0.234
0.195
0.158
0.125
0.094
0.067
0.043
0.022
0.005
-0.01
-0.02
-0.028
-0.032
-0.032
-0.029
-0.023
-0.013
0.001
0.017
0.037
0.061
0.087
0.117
0.15
0.185
0.224
0.265
0.31
0.356
0.406
0.457
0.511
0.567
0.625
0.685
0.746
0.809
0.873
0.938
1.004
1.071
1.139
1.207
1.275
1.344
1.412
1.48
1.548
1.614
1.681
1.746
1.81
1.872
1.934
1.994
2.052
2.108
2.162
2.215
2.265
2.313
2.359
2.403
2.444
2.482
2.518
2.552
2.583
2.611
2.636
2.658
2.678
2.694
2.707
2.717
2.724
2.728
2.728
2.725
2.719
2.709
2.695
2.678
2.657
2.633
2.606
2.575
2.54
2.502
2.462
2.418
2.371
2.321
2.269
2.214
2.157
2.098
2.037
1.974
1.91
1.845
1.779
1.712
1.645
1.577
1.51
1.442
1.375
1.308
1.242
1.176
1.112
1.049
0.987
0.927
0.868
0.811
0.756
0.702
0.651
0.602
0.555
0.511
0.469
0.429
0.392
0.358
0.327
0.299
0.274
0.252
0.233
0.217
0.204
0.195
0.189
0.186
0.187
0.191
0.199
0.21
0.224
0.242
0.263
0.287
0.314
0.344
0.378
0.414
0.453
0.495
0.54
0.587
0.636
0.688
0.742
0.798
0.855
0.915
0.976
1.038
1.102
1.166
1.232
1.298
1.365
1.432
1.499
1.567
1.634
1.7
1.767
1.832
1.896
1.96
2.022
2.083
2.142
2.2
2.256
2.31
2.362
2.412
2.46
2.506
2.549
2.59
2.629
2.665
2.698
2.729
2.757
2.782
2.804
2.824
2.84
2.854
2.864
2.871
2.875
2.876
2.874
2.868
2.858
2.845
2.829
2.809
2.785
2.758
2.728
2.694
2.656
2.616
2.571
2.524
2.474
2.421
2.365
2.307
2.246
2.184
2.119
2.052
1.984
1.915
1.844
1.773
1.701
1.628
1.556
1.483
1.41
1.338
1.266
1.195
1.125
1.056
0.988
0.921
0.855
0.792
0.73
0.669
0.611
0.554
0.5
0.448
0.399
0.352
0.307
0.265
0.226
0.19
0.157
0.127
0.1
0.076
0.055
0.038
0.024
0.014
0.007
0.003
0.003
0.007
0.014
0.024
0.038
0.056
0.076
0.1
0.128
0.158
0.192
0.228
0.268
0.31
0.355
0.402
0.452
0.505
0.559
0.616
0.674
0.735
0.797
0.86
0.924
0.99
1.056
1.124
1.191
1.26
1.328
1.396
1.464
1.532
1.599
1.666
1.731
1.796
1.859
1.921
1.982
2.041
2.098
2.154
2.207
2.259
2.309
2.356
2.401
2.444
2.485
2.522
2.558
2.591
2.621
2.648
2.672
2.694
2.712
2.728
2.74
2.749
2.755
2.757
2.756
2.751
2.743
2.731
2.716
2.697
2.674
2.648
2.618
2.585
2.549
2.509
2.466
2.42
2.371
2.32
2.265
2.209
2.15
2.09
2.027
1.964
1.898
1.832
1.765
1.697
1.629
1.561
1.492
1.424
1.356
1.288
1.222
1.156
1.091
1.027
0.964
0.903
0.844
0.786
0.73
0.675
0.623
0.573
0.526
0.48
0.438
0.398
0.36
0.325
0.294
0.265
0.239
0.217
0.198
0.182
0.169
0.16
0.154
0.151
0.152
0.157
0.165
0.176
0.191
0.209
0.231
0.256
0.284
0.315
0.349
0.386
0.426
0.469
0.514
0.562
0.612
0.665
0.72
0.776
0.835
0.895
0.957
1.02
1.084
1.149
1.215
1.282
1.349
1.417
1.484
1.552
1.619
1.685
1.751
1.816
1.881
1.944
2.006
2.066
2.125
2.182
2.238
2.291
2.343
2.393
2.44
2.485
2.528
2.569
2.607
2.642
2.675
2.706
2.733
2.758
2.78
2.799
2.815
2.828
2.837
2.844
2.847
2.847
2.843
2.836
2.825
2.811
2.794
2.772
2.747
2.719
2.687
2.651
2.612
2.57
2.524
2.476
2.425
2.371
2.314
2.255
2.193
2.13
2.065
1.998
1.93
1.861
1.791
1.72
1.648
1.577
1.505
1.433
1.362
1.291
1.22
1.151
1.082
1.014
0.948
0.883
0.819
0.757
0.697
0.638
0.582
0.528
0.476
0.426
0.379
0.334
0.292
0.253
0.217
0.184
0.154
0.127
0.103
0.083
0.065
0.052
0.042
0.035
0.032
0.032
0.036
0.044
0.055
0.069
0.087
0.108
0.133
0.161
0.192
0.227
0.264
0.304
0.347
0.393
0.441
0.492
0.545
0.601
0.658
0.717
0.779
0.841
0.905
0.97
1.037
1.104
1.172
1.24
1.308
1.377
1.446
1.514
1.582
1.649
1.716
1.782
1.846
1.91
1.972
2.032
2.091
2.148
2.203
2.257
2.308
2.357
2.405
2.449
2.492
2.532
2.569
2.604
2.636
2.666
2.692
2.716
2.737
2.754
2.769
2.78
2.788
2.792
2.793
2.791
2.785
2.775
2.762
2.745
2.725
2.7
2.673
2.641
2.606
2.568
2.526
2.482
2.434
2.383
2.33
2.274
2.216
2.155
2.093
2.029
1.963
1.896
1.828
1.76
1.69
1.621
1.551
1.48
1.411
1.341
1.272
1.204
1.136
1.07
1.005
0.941
0.878
0.817
0.758
0.7
0.645
0.591
0.54
0.491
0.445
0.401
0.36
0.322
0.286
0.254
0.224
0.198
0.175
0.155
0.139
0.126
0.117
0.111
0.108
0.109
0.114
0.122
0.134
0.149
0.167
0.189
0.215
0.243
0.275
0.31
0.348
0.388
0.432
0.478
0.527
0.578
0.631
0.687
0.744
0.804
0.865
0.927
0.991
1.056
1.122
1.189
1.256
1.324
1.392
1.46
1.528
1.595
1.662
1.729
1.794
1.859
1.922
1.984
2.045
2.104
2.161
2.217
2.27
2.322
2.371
2.419
2.464
2.507
2.547
2.585
2.62
2.653
2.683
2.71
2.735
2.756
2.775
2.79
2.803
2.812
2.818
2.82
2.819
2.815
2.807
2.795
2.78
2.761
2.739
2.713
2.683
2.65
2.614
2.574
2.531
2.484
2.435
2.383
2.328
2.271
2.211
2.149
2.085
2.02
1.953
1.885
1.816
1.746
1.675
1.604
1.533
1.462
1.391
1.32
1.25
1.18
1.112
1.044
0.978
0.913
0.849
0.787
0.727
0.669
0.612
0.558
0.506
0.456
0.409
0.364
0.322
0.283
0.246
0.213
0.183
0.156
0.132
0.111
0.094
0.081
0.071
0.064
0.061
0.061
0.065
0.073
0.084
0.099
0.117
0.139
0.164
0.192
0.224
0.258
0.296
0.337
0.38
0.426
0.475
0.527
0.58
0.636
0.694
0.754
0.816
0.879
0.944
1.009
1.076
1.144
1.212
1.281
1.35
1.419
1.488
1.557
1.625
1.693
1.76
1.826
1.891
1.954
2.017
2.077
2.136
2.193
2.249
2.302
2.353
2.402
2.449
2.493
2.535
2.575
2.611
2.646
2.677
2.706
2.732
2.755
2.775
2.792
2.805
2.816
2.823
2.826
2.827
2.823
2.816
2.806
2.792
2.774
2.752
2.727
2.698
2.666
2.63
2.59
2.548
2.502
2.453
2.401
2.346
2.289
2.229
2.167
2.104
2.038
1.971
1.903
1.833
1.763
1.692
1.62
1.549
1.477
1.406
1.334
1.264
1.194
1.125
1.057
0.99
0.925
0.861
0.798
0.738
0.679
0.622
0.567
0.515
0.465
0.418
0.373
0.331
0.291
0.255
0.221
0.191
0.164
0.14
0.12
0.103
0.09
0.08
0.073
0.07
0.071
0.075
0.083
0.095
0.11
0.128
0.15
0.175
0.204
0.236
0.27
0.308
0.349
0.393
0.439
0.488
0.54
0.594
0.65
0.708
0.767
0.829
0.892
0.956
1.022
1.088
1.155
1.223
1.291
1.36
1.428
1.497
1.565
1.632
1.699
1.765
1.83
1.894
1.956
2.017
2.076
2.134
2.189
2.243
2.295
2.344
2.392
2.437
2.48
2.52
2.557
2.593
2.625
2.655
2.682
2.706
2.727
2.745
2.76
2.772
2.781
2.786
2.788
2.787
2.782
2.773
2.762
2.746
2.727
2.704
2.678
2.648
2.615
2.578
2.538
2.495
2.449
2.399
2.347
2.292
2.235
2.175
2.113
2.05
1.985
1.918
1.85
1.781
1.711
1.641
1.571
1.5
1.429
1.359
1.289
1.22
1.151
1.084
1.018
0.952
0.889
0.827
0.766
0.708
0.651
0.597
0.544
0.494
0.447
0.402
0.36
0.32
0.283
0.25
0.219
0.191
0.167
0.146
0.128
0.114
0.103
0.096
0.092
0.092
0.096
0.103
0.113
0.128
0.145
0.166
0.191
0.218
0.25
0.284
0.321
0.361
0.405
0.451
0.499
0.55
0.604
0.66
0.718
0.777
0.839
0.902
0.967
1.033
1.099
1.167
1.236
1.305
1.374
1.444
1.513
1.583
1.651
1.72
1.787
1.853
1.919
1.983
2.045
2.106
2.165
2.223
2.278
2.332
2.383
2.432
2.479
2.523
2.565
2.604
2.64
2.674
2.705
2.733
2.759
2.781
2.801
2.817
2.83
2.84
2.847
2.85
2.85
2.847
2.84
2.829
2.815
2.797
2.776
2.751
2.722
2.69
2.654
2.615
2.572
2.527
2.478
2.426
2.371
2.314
2.254
2.191
2.127
2.061
1.993
1.924
1.854
1.782
1.71
1.638
1.565
1.492
1.419
1.346
1.274
1.203
1.132
1.063
0.995
0.928
0.862
0.799
0.737
0.677
0.619
0.563
0.509
0.458
0.409
0.363
0.32
0.279
0.242
0.207
0.176
0.147
0.122
0.101
0.083
0.068
0.057
0.049
0.045
0.044
0.047
0.054
0.064
0.078
0.095
0.116
0.14
0.168
0.199
0.233
0.27
0.31
0.353
0.398
0.447
0.498
0.551
0.606
0.663
0.723
0.784
0.847
0.911
0.976
1.042
1.109
1.177
1.246
1.314
1.383
1.452
1.52
1.588
1.655
1.721
1.787
1.851
1.914
1.975
2.035
2.093
2.149
2.203
2.255
2.305
2.353
2.398
2.441
2.481
2.519
2.554
2.586
2.616
2.643
2.667
2.688
2.706
2.721
2.733
2.742
2.748
2.75
2.749
2.745
2.737
2.726
2.711
2.693
2.671
2.646
2.617
2.585
2.549
2.511
2.469
2.423
2.375
2.324
2.27
2.214
2.156
2.095
2.032
1.968
1.902
1.835
1.767
1.698
1.629
1.559
1.489
1.419
1.349
1.28
1.212
1.144
1.077
1.012
0.948
0.886
0.825
0.766
0.708
0.653
0.6
0.549
0.501
0.455
0.412
0.371
0.334
0.299
0.267
0.238
0.212
0.19
0.17
0.155
0.142
0.133
0.128
0.126
0.127
0.132
0.141
0.153
0.169
0.188
0.21
0.236
0.266
0.298
0.333
0.372
0.414
0.458
0.505
0.555
0.607
0.661
0.718
0.776
0.837
0.899
0.963
1.028
1.094
1.162
1.23
1.299
1.368
1.437
1.507
1.576
1.645
1.714
1.782
1.849
1.915
1.98
2.043
2.105
2.165
2.223
2.28
2.334
2.386
2.435
2.483
2.528
2.57
2.61
2.647
2.681
2.712
2.741
2.767
2.789
2.809
2.826
2.84
2.85
2.858
2.862
2.863
2.86
2.854
2.845
2.832
2.816
2.796
2.773
2.746
2.716
2.682
2.645
2.605
2.561
2.514
2.464
2.411
2.355
2.297
2.236
2.172
2.107
2.04
1.971
1.901
1.83
1.758
1.685
1.611
1.537
1.464
1.39
1.317
1.244
1.172
1.102
1.032
0.963
0.897
0.831
0.768
0.706
0.646
0.589
0.534
0.481
0.43
0.382
0.337
0.295
0.255
0.219
0.185
0.155
0.128
0.104
0.084
0.066
0.053
0.043
0.036
0.033
0.033
0.037
0.045
0.056
0.071
0.089
0.11
0.135
0.164
0.195
0.229
0.267
0.308
0.351
0.397
0.446
0.497
0.55
0.606
0.663
0.723
0.784
0.846
0.91
0.976
1.042
1.109
