2.081
2.017
1.921
1.842
1.776
1.682
1.606
1.533
1.448
1.377
1.291
1.214
1.135
1.06
0.985
0.923
0.841
0.782
0.744
0.705
0.649
0.574
0.521
0.479
0.442
0.42
0.391
0.35
0.331
0.294
0.24
0.213
0.216
0.236
0.225
0.235
0.232
0.186
0.197
0.203
0.212
0.25
0.276
0.296
0.297
0.318
0.335
0.376
0.412
0.454
0.512
0.537
0.577
0.633
0.681
0.741
0.795
0.84
0.882
0.926
0.989
1.055
1.116
1.187
1.248
1.301
1.357
1.412
1.481
1.543
1.598
1.652
1.706
1.769
1.836
1.889
1.949
2.01
2.051
2.104
2.162
2.212
2.268
2.307
2.354
2.398
2.425
2.467
2.511
2.541
2.577
2.606
2.614
2.625
2.642
2.64
2.638
2.654
2.652
2.649
2.649
2.641
2.631
2.621
2.609
2.591
2.571
2.549
2.519
2.483
2.447
2.406
2.368
2.326
2.288
2.249
2.196
2.159
2.109
2.05
2.003
1.941
1.88
1.817
1.767
1.711
1.654
1.596
1.529
1.467
1.409
1.332
1.266
1.202
1.148
1.092
1.022
0.967
0.904
0.856
0.817
0.764
0.717
0.683
0.624
0.57
0.525
0.489
0.489
0.465
0.417
0.39
0.353
0.337
0.327
0.309
0.312
0.302
0.283
0.269
0.279
0.277
0.308
0.316
0.299
0.316
0.359
0.384
0.403
0.432
0.455
0.476
0.523
0.557
0.592
0.639
0.694
0.731
0.785
0.834
0.884
0.954
1.012
1.071
1.124
1.182
1.244
1.305
1.376
1.438
1.491
1.555
1.619
1.681
1.75
1.817
1.869
1.923
1.986
2.043
2.11
2.171
2.226
2.291
2.338
2.386
2.433
2.476
2.517
2.558
2.591
2.631
2.658
2.688
2.714
2.735
2.763
2.774
2.795
2.805
2.807
2.813
2.805
2.801
2.803
2.788
2.782
2.77
2.755
2.738
2.716
2.693
2.665
2.64
2.608
2.577
2.539
2.489
2.452
2.41
2.358
2.316
2.26
2.203
2.155
2.099
2.04
1.977
1.917
1.853
1.796
1.728
1.66
1.588
1.518
1.449
1.379
1.297
1.224
1.162
1.101
1.033
0.954
0.891
0.83
0.762
0.699
0.643
0.606
0.553
0.506
0.449
0.406
0.373
0.347
0.307
0.272
0.232
0.194
0.186
0.183
0.167
0.153
0.135
0.109
0.122
0.13
0.132
0.129
0.129
0.154
0.171
0.188
0.197
0.225
0.262
0.276
0.316
0.354
0.391
0.421
0.465
0.511
0.545
0.604
0.669
0.706
0.756
0.812
0.874
0.932
0.981
1.038
1.114
1.179
1.244
1.303
1.364
1.438
1.499
1.554
1.609
1.669
1.727
1.784
1.85
1.906
1.963
2.024
2.073
2.124
2.176
2.23
2.284
2.333
2.366
2.403
2.438
2.472
2.509
2.541
2.569
2.593
2.616
2.634
2.646
2.65
2.654
2.657
2.66
2.656
2.638
2.624
2.615
2.591
2.571
2.56
2.531
2.507
2.491
2.461
2.429
2.404
2.369
2.323
2.293
2.249
2.197
2.181
2.132
2.08
2.034
1.976
1.92
1.86
1.797
1.746
1.678
1.611
1.547
1.481
1.426
1.355
1.298
1.224
1.157
1.112
1.042
0.963
0.898
0.844
0.788
0.786
0.739
0.675
0.652
0.582
0.538
0.524
0.477
0.424
0.428
0.393
0.387
0.372
0.344
0.345
0.331
0.317
0.318
0.31
0.307
0.31
0.325
0.341
0.358
0.37
0.37
0.392
0.463
0.517
0.51
0.539
0.612
0.611
0.663
0.726
0.747
0.814
0.86
0.906
0.998
1.048
1.065
1.109
1.169
1.234
1.297
1.369
1.444
1.496
1.555
1.612
1.667
1.736
1.793
1.85
1.911
1.972
2.034
2.075
2.126
2.187
2.241
2.3
2.353
2.4
2.449
2.492
2.531
2.574
2.612
2.642
2.677
2.713
2.736
2.752
2.766
2.78
2.785
2.797
2.806
2.801
2.798
2.799
2.789
2.778
2.776
2.76
2.745
2.724
2.69
2.665
2.634
2.602
2.577
2.542
2.506
2.456
2.402
2.348
2.296
2.244
2.193
2.14
2.079
2.021
1.963
1.896
1.834
1.779
1.717
1.655
1.594
1.528
1.457
1.385
1.314
1.256
1.193
1.125
1.057
0.991
0.928
0.863
0.797
0.739
0.697
0.655
0.593
0.545
0.486
0.437
0.42
0.366
0.331
0.323
0.279
0.248
0.232
0.199
0.18
0.174
0.162
0.164
0.159
0.162
0.162
0.166
0.176
0.201
0.215
0.224
0.235
0.245
0.276
0.312
0.344
0.383
0.413
0.457
0.48
0.524
0.603
0.653
0.694
0.755
0.786
0.836
0.898
0.948
1.015
1.081
1.139
1.2
1.254
1.315
1.38
1.428
1.491
1.551
1.609
1.672
1.731
1.794
1.855
1.915
1.97
2.026
2.083
2.132
2.181
2.227
2.272
2.317
2.361
2.398
2.436
2.467
2.492
2.518
2.54
2.565
2.586
2.599
2.615
2.624
2.629
2.64
2.641
2.64
2.639
2.628
2.615
2.599
2.576
2.556
2.536
2.51
2.484
2.454
2.419
2.382
2.353
2.315
2.275
2.238
2.187
2.141
2.094
2.038
1.981
1.927
1.867
1.809
1.752
1.692
1.627
1.564
1.506
1.44
1.387
1.328
1.263
1.2
1.133
1.064
1.003
0.946
0.889
0.831
0.771
0.722
0.681
0.631
0.576
0.526
0.48
0.45
0.432
0.408
0.378
0.355
0.324
0.291
0.275
0.264
0.253
0.25
0.253
0.261
0.27
0.271
0.263
0.275
0.298
0.319
0.331
0.372
0.396
0.413
0.436
0.463
0.488
0.528
0.557
0.608
0.653
0.703
0.753
0.795
0.843
0.893
0.951
1.016
1.083
1.139
1.201
1.258
1.317
1.384
1.442
1.5
1.561
1.617
1.675
1.732
1.791
1.855
1.908
1.966
2.031
2.086
2.142
2.198
2.247
2.293
2.339
2.385
2.424
2.459
2.497
2.526
2.556
2.591
2.613
2.635
2.655
2.668
2.679
2.69
2.691
2.692
2.69
2.682
2.67
2.66
2.653
2.638
2.625
2.613
2.59
2.569
2.54
2.506
2.476
2.437
2.395
2.356
2.312
2.268
2.226
2.179
2.132
2.079
2.023
1.966
1.91
1.849
1.785
1.723
1.656
1.594
1.529
1.464
1.397
1.328
1.253
1.182
1.114
1.041
0.974
0.909
0.85
0.792
0.732
0.67
0.613
0.565
0.529
0.482
0.438
0.394
0.364
0.333
0.29
0.267
0.238
0.201
0.175
0.157
0.142
0.136
0.122
0.118
0.11
0.106
0.116
0.12
0.13
0.14
0.148
0.175
0.201
0.222
0.241
0.26
0.298
0.337
0.367
0.403
0.444
0.479
0.531
0.602
0.662
0.713
0.758
0.808
0.867
0.932
0.997
1.061
1.124
1.182
1.237
1.303
1.369
1.437
1.497
1.554
1.615
1.671
1.727
1.789
1.847
1.902
1.959
2.014
2.069
2.124
2.173
2.225
2.272
2.321
2.364
2.406
2.447
2.478
2.508
2.531
2.552
2.577
2.595
2.608
2.627
2.638
2.642
2.65
2.647
2.641
2.638
2.629
2.614
2.601
2.582
2.561
2.536
2.511
2.481
2.446
2.412
2.372
2.326
2.287
2.246
2.193
2.149
2.099
2.047
2.001
1.948
1.895
1.84
1.782
1.722
1.661
1.599
1.532
1.463
1.399
1.334
1.268
1.208
1.143
1.076
1.01
0.951
0.881
0.824
0.767
0.714
0.672
0.615
0.548
0.519
0.488
0.457
0.417
0.376
0.349
0.316
0.28
0.263
0.247
0.237
0.223
0.207
0.204
0.198
0.191
0.193
0.212
0.232
0.251
0.254
0.256
0.286
0.305
0.318
0.364
0.404
0.432
0.46
0.486
0.52
0.581
0.63
0.676
0.726
0.767
0.819
0.874
0.931
0.996
1.053
1.117
1.177
1.24
1.305
1.374
1.437
1.499
1.56
1.62
1.68
1.738
1.8
1.855
1.916
1.978
2.04
2.1
2.152
2.208
2.261
2.307
2.354
2.395
2.428
2.47
2.5
2.532
2.566
2.587
2.609
2.633
2.647
2.66
2.673
2.676
2.679
2.683
2.673
2.667
2.663
2.648
2.64
2.627
2.599
2.579
2.551
2.523
2.491
2.46
2.428
2.393
2.356
2.315
2.267
2.217
2.166
2.112
2.059
1.999
1.942
1.883
1.821
1.756
1.694
1.631
1.57
1.501
1.429
1.364
1.297
1.231
1.166
1.098
1.026
0.957
0.895
0.83
0.765
0.712
0.663
0.611
0.56
0.507
0.456
0.414
0.375
0.345
0.307
0.262
0.234
0.222
0.194
0.164
0.146
0.154
0.137
0.126
0.123
0.126
0.111
0.134
0.149
0.157
0.178
0.186
0.205
0.234
0.255
0.287
0.324
0.373
0.412
0.454
0.497
0.528
0.573
0.636
0.688
0.751
0.802
0.849
0.905
0.961
1.02
1.085
1.148
1.209
1.268
1.325
1.386
1.447
1.522
1.588
1.645
1.699
1.765
1.832
1.894
1.958
2.019
2.082
2.14
2.196
2.252
2.302
2.354
2.393
2.435
2.478
2.517
2.561
2.599
2.634
2.663
2.687
2.709
2.725
2.739
2.746
2.753
2.757
2.75
2.743
2.74
2.729
2.717
2.699
2.68
2.658
2.631
2.61
2.581
2.554
2.529
2.493
2.451
2.411
2.368
2.319
2.271
2.229
2.166
2.113
2.057
1.991
1.935
1.871
1.806
1.743
1.681
1.615
1.542
1.47
1.404
1.335
1.276
1.215
1.146
1.075
0.998
0.924
0.867
0.813
0.747
0.692
0.647
0.584
0.533
0.486
0.45
0.422
0.375
0.331
0.289
0.27
0.267
0.254
0.227
0.217
0.203
0.184
0.169
0.187
0.199
0.184
0.194
0.216
0.218
0.232
0.282
0.315
0.337
0.358
0.381
0.4
0.449
0.507
0.543
0.588
0.624
0.673
0.735
0.801
0.866
0.926
0.98
1.034
1.094
1.156
1.23
1.302
1.366
1.425
1.48
1.558
1.631
1.69
1.756
1.824
1.893
1.954
2.016
2.076
2.14
2.2
2.256
2.316
2.375
2.424
2.468
2.516
2.564
2.602
2.639
2.671
2.699
2.727
2.756
2.788
2.809
2.826
2.845
2.853
2.86
2.867
2.874
2.877
2.874
2.87
2.861
2.84
2.818
2.799
2.772
2.738
2.714
2.668
2.629
2.593
2.557
2.52
2.479
2.431
2.374
2.326
2.267
2.213
2.159
2.103
2.04
1.98
1.922
1.854
1.793
1.737
1.67
1.613
1.541
1.469
1.395
1.332
1.26
1.201
1.145
1.082
1.014
0.946
0.895
0.839
0.787
0.72
0.677
0.636
0.599
0.561
0.528
0.492
0.491
0.469
0.461
0.421
0.399
0.396
0.405
0.419
0.415
0.413
0.416
0.426
0.428
0.392
0.449
0.492
0.521
0.527
0.56
0.593
0.644
0.662
0.705
0.766
0.827
0.886
0.938
0.986
1.022
1.083
1.143
1.2
1.267
1.341
1.415
1.48
1.539
1.602
1.657
1.723
1.797
1.874
1.947
2.012
2.071
2.138
2.213
2.281
2.349
2.409
2.473
2.537
2.604
2.66
2.725
2.784
2.823
2.873
2.913
2.953
2.995
3.027
3.069
3.098
3.131
3.166
3.179
3.202
3.221
3.236
3.244
3.263
3.261
3.273
3.285
3.283
3.287
3.264
3.252
3.242
3.211
3.189
3.158
3.133
3.083
3.057
3.026
2.969
2.921
2.875
2.808
2.745
2.694
2.622
2.55
2.484
2.404
2.318
2.25
2.173
2.099
2.032
1.98
1.906
1.822
1.76
1.704
1.613
1.533
1.454
1.386
1.309
1.243
1.145
1.087
1.023
0.983
0.911
0.864
0.806
0.739
0.664
0.641
0.601
0.541
0.527
0.489
0.463
0.444
0.43
0.409
0.401
0.356
0.364
0.34
0.369
0.393
0.394
0.397
0.394
0.442
0.475
0.471
0.474
0.54
0.556
0.597
0.644
0.694
0.717
0.749
0.811
0.86
0.916
0.975
1.028
1.091
1.152
1.21
1.273
1.328
1.393
1.455
1.528
1.6
1.662
1.722
1.793
1.846
1.912
1.98
2.044
2.106
2.163
2.224
2.29
2.345
2.398
2.447
2.5
2.546
2.596
2.646
2.686
2.716
2.752
2.766
2.792
2.815
2.829
2.843
2.869
2.875
2.878
2.897
2.893
2.883
2.887
2.878
2.87
2.86
2.844
2.824
2.809
2.797
2.768
2.741
2.713
2.666
2.623
2.587
2.536
2.486
2.441
2.388
2.338
2.28
2.216
2.154
2.1
2.04
1.982
1.918
1.859
1.8
1.735
1.662
1.601
1.535
1.465
1.392
1.322
1.256
1.187
1.126
1.062
1.011
0.955
0.886
0.841
0.793
0.737
0.699
0.656
0.612
0.572
0.535
0.512
0.516
0.468
0.443
0.417
0.392
0.384
0.392
0.385
0.396
0.394
0.39
0.393
0.419
0.442
0.464
0.484
0.502
0.545
0.565
0.602
0.635
0.646
0.681
0.727
0.769
0.818
0.886
0.953
0.993
1.04
1.087
1.132
1.199
1.261
1.328
1.406
1.493
1.551
1.608
1.666
1.733
1.799
1.863
1.933
2
2.069
2.131
2.19
2.255
2.312
2.373
2.442
2.503
2.559
2.6
2.647
2.685
2.719
2.76
2.793
2.823
2.855
2.876
2.907
2.919
2.947
2.962
2.984
2.998
3.009
3.012
3.004
3.004
2.992
2.988
2.986
2.968
2.954
2.918
2.895
2.868
2.827
2.793
2.77
2.714
2.655
2.611
2.551
2.486
2.441
2.381
2.326
2.278
2.209
2.136
2.07
2.018
1.955
1.877
1.813
1.749
1.666
1.604
1.543
1.467
1.381
1.308
1.234
1.188
1.116
1.032
0.95
0.881
0.828
0.816
0.77
0.683
0.606
0.544
0.502
0.49
0.479
0.434
0.381
0.335
0.3
0.29
0.301
0.295
0.236
0.213
0.231
0.244
0.258
0.255
0.257
0.257
0.247
0.284
0.344
0.373
0.377
0.417
0.461
0.494
0.549
0.602
0.622
0.645
0.707
0.752
0.809
0.868
0.947
0.996
1.031
1.089
1.151
1.218
