1.743
1.664
1.583
1.503
1.422
1.34
1.26
1.179
1.1
1.021
0.944
0.868
0.794
0.722
0.652
0.585
0.52
0.458
0.399
0.343
0.29
0.24
0.194
0.151
0.111
0.076
0.043
0.014
-0.011
-0.032
-0.05
-0.065
-0.076
-0.083
-0.087
-0.087
-0.084
-0.077
-0.068
-0.054
-0.038
-0.018
0.005
0.032
0.061
0.094
0.129
0.167
0.208
0.252
0.299
0.348
0.399
0.453
0.509
0.567
0.627
0.688
0.751
0.816
0.881
0.948
1.016
1.084
1.154
1.223
1.293
1.363
1.433
1.503
1.572
1.641
1.709
1.776
1.842
1.907
1.97
2.032
2.093
2.151
2.207
2.262
2.314
2.363
2.41
2.455
2.497
2.536
2.572
2.605
2.635
2.661
2.685
2.706
2.723
2.737
2.748
2.755
2.759
2.76
2.758
2.752
2.744
2.732
2.717
2.699
2.677
2.653
2.626
2.595
2.562
2.526
2.487
2.445
2.401
2.354
2.304
2.252
2.197
2.14
2.081
2.02
1.958
1.893
1.828
1.76
1.692
1.623
1.554
1.484
1.414
1.344
1.274
1.205
1.137
1.07
1.005
0.941
0.879
0.819
0.76
0.705
0.652
0.601
0.554
0.509
0.467
0.428
0.392
0.36
0.331
0.305
0.282
0.262
0.246
0.233
0.224
0.217
0.214
0.214
0.218
0.224
0.234
0.246
0.262
0.281
0.303
0.328
0.356
0.386
0.42
0.456
0.495
0.537
0.581
0.627
0.676
0.727
0.78
0.835
0.891
0.95
1.01
1.071
1.133
1.197
1.262
1.327
1.393
1.46
1.526
1.593
1.66
1.727
1.793
1.859
1.924
1.988
2.051
2.113
2.174
2.233
2.291
2.347
2.401
2.452
2.502
2.549
2.594
2.636
2.676
2.713
2.747
2.778
2.806
2.831
2.852
2.871
2.886
2.899
2.908
2.913
2.916
2.915
2.911
2.904
2.894
2.88
2.863
2.844
2.821
2.795
2.766
2.734
2.699
2.661
2.62
2.576
2.529
2.48
2.428
2.373
2.316
2.256
2.194
2.13
2.064
1.996
1.926
1.854
1.782
1.708
1.633
1.558
1.482
1.406
1.331
1.255
1.18
1.106
1.033
0.961
0.891
0.823
0.756
0.692
0.63
0.57
0.513
0.459
0.408
0.359
0.314
0.271
0.232
0.196
0.163
0.133
0.107
0.084
0.064
0.047
0.034
0.024
0.017
0.014
0.013
0.016
0.023
0.032
0.045
0.061
0.08
0.102
0.127
0.155
0.186
0.22
0.257
0.296
0.338
0.383
0.43
0.479
0.531
0.584
0.64
0.697
0.756
0.817
0.879
0.942
1.006
1.071
1.137
1.203
1.27
1.337
1.405
1.472
1.538
1.605
1.671
1.736
1.8
1.863
1.925
1.985
2.044
2.102
2.157
2.211
2.262
2.311
2.358
2.402
2.444
2.483
2.519
2.553
2.584
2.612
2.637
2.659
2.678
2.694
2.707
2.717
2.724
2.728
2.728
2.726
2.721
2.713
2.702
2.688
2.67
2.65
2.627
2.601
2.572
2.54
2.505
2.467
2.427
2.384
2.338
2.289
2.238
2.185
2.129
2.071
2.011
1.95
1.887
1.822
1.756
1.69
1.622
1.554
1.486
1.418
1.35
1.282
1.215
1.149
1.085
1.022
0.96
0.9
0.842
0.786
0.733
0.682
0.633
0.587
0.544
0.504
0.466
0.431
0.4
0.371
0.345
0.322
0.303
0.286
0.273
0.262
0.255
0.25
0.249
0.251
0.256
0.263
0.274
0.288
0.305
0.325
0.348
0.374
0.402
0.434
0.468
0.505
0.544
0.586
0.63
0.677
0.725
0.776
0.829
0.883
0.94
0.997
1.057
1.117
1.178
1.241
1.304
1.368
1.432
1.497
1.561
1.626
1.69
1.754
1.818
1.881
1.943
2.003
2.063
2.121
2.178
2.234
2.287
2.339
2.388
2.435
2.48
2.523
2.563
2.601
2.635
2.668
2.697
2.724
2.747
2.768
2.786
2.801
2.813
2.821
2.827
2.83
2.83
2.827
2.821
2.812
2.8
2.784
2.766
2.745
2.721
2.693
2.663
2.63
2.593
2.554
2.512
2.467
2.419
2.368
2.315
2.259
2.201
2.14
2.078
2.013
1.946
1.878
1.809
1.738
1.666
1.594
1.521
1.447
1.374
1.301
1.229
1.157
1.087
1.018
0.95
0.883
0.819
0.756
0.696
0.638
0.582
0.529
0.479
0.431
0.386
0.344
0.304
0.268
0.235
0.204
0.177
0.153
0.132
0.114
0.099
0.087
0.079
0.074
0.071
0.072
0.077
0.084
0.095
0.108
0.125
0.145
0.168
0.194
0.223
0.255
0.29
0.328
0.368
0.411
0.457
0.505
0.555
0.607
0.661
0.718
0.775
0.835
0.896
0.958
1.021
1.085
1.15
1.216
1.282
1.348
1.415
1.481
1.547
1.613
1.678
1.742
1.806
1.868
1.929
1.989
2.048
2.104
2.159
2.212
2.263
2.312
2.358
2.403
2.444
2.484
2.52
2.554
2.586
2.614
2.64
2.663
2.683
2.7
2.715
2.726
2.735
2.741
2.743
2.743
2.74
2.733
2.724
2.712
2.696
2.678
2.656
2.631
2.604
2.573
2.539
2.502
2.462
2.419
2.374
2.325
2.274
2.221
2.165
2.107
2.047
1.985
1.921
1.856
1.79
1.722
1.654
1.586
1.517
1.448
1.379
1.311
1.244
1.178
1.113
1.049
0.986
0.926
0.867
0.811
0.756
0.704
0.654
0.607
0.562
0.52
0.481
0.444
0.411
0.38
0.352
0.326
0.304
0.285
0.269
0.255
0.245
0.238
0.234
0.233
0.235
0.24
0.249
0.26
0.275
0.292
0.313
0.337
0.364
0.393
0.426
0.461
0.499
0.539
0.582
0.628
0.676
0.726
0.778
0.831
0.887
0.944
1.003
1.063
1.124
1.186
1.248
1.312
1.376
1.44
1.504
1.569
1.633
1.696
1.759
1.822
1.884
1.944
2.004
2.062
2.118
2.173
2.227
2.278
2.328
2.375
2.42
2.463
2.504
2.542
2.577
2.61
2.64
2.668
2.693
2.715
2.734
2.751
2.764
2.775
2.783
2.787
2.789
2.788
2.784
2.777
2.766
2.753
2.737
2.717
2.694
2.669
2.64
2.608
2.572
2.534
2.493
2.448
2.401
2.351
2.298
2.243
2.185
2.124
2.062
1.997
1.931
1.863
1.794
1.724
1.653
1.581
1.509
1.437
1.365
1.293
1.222
1.152
1.083
1.015
0.949
0.884
0.821
0.76
0.702
0.645
0.591
0.539
0.49
0.443
0.399
0.358
0.32
0.284
0.252
0.222
0.196
0.172
0.152
0.134
0.12
0.109
0.101
0.097
0.095
0.097
0.102
0.111
0.123
0.138
0.156
0.177
0.202
0.229
0.26
0.294
0.331
0.37
0.412
0.457
0.505
0.554
0.606
0.66
0.716
0.774
0.833
0.894
0.957
1.02
1.084
1.15
1.215
1.282
1.348
1.415
1.482
1.548
1.615
1.68
1.745
1.81
1.873
1.935
1.995
2.055
2.112
2.168
2.222
2.274
2.325
2.372
2.418
2.461
2.502
2.541
2.576
2.609
2.64
2.668
2.692
2.715
2.734
2.75
2.763
2.774
2.781
2.786
2.787
2.785
2.781
2.773
2.761
2.747
2.729
2.709
2.685
2.657
2.627
2.593
2.556
2.516
2.473
2.427
2.378
2.326
2.272
2.215
2.156
2.095
2.031
1.966
1.9
1.832
1.763
1.693
1.623
1.553
1.482
1.412
1.342
1.272
1.204
1.136
1.07
1.006
0.943
0.881
0.822
0.765
0.71
0.658
0.607
0.56
0.515
0.472
0.432
0.395
0.361
0.33
0.302
0.276
0.254
0.235
0.219
0.206
0.196
0.189
0.186
0.186
0.189
0.195
0.205
0.218
0.234
0.254
0.276
0.302
0.331
0.363
0.397
0.435
0.475
0.518
0.563
0.611
0.661
0.713
0.767
0.823
0.88
0.939
1
1.061
1.124
1.187
1.251
1.316
1.38
1.445
1.51
1.575
1.64
1.704
1.767
1.83
1.891
1.952
2.011
2.069
2.125
2.18
2.233
2.283
2.332
2.379
2.423
2.466
2.505
2.542
2.577
2.609
2.638
2.665
2.689
2.71
2.728
2.743
2.756
2.765
2.771
2.775
2.775
2.772
2.766
2.757
2.745
2.729
2.711
2.689
2.663
2.635
2.603
2.569
2.531
2.489
2.445
2.398
2.348
2.295
2.24
2.182
2.121
2.059
1.994
1.928
1.86
1.791
1.721
1.65
1.578
1.506
1.434
1.362
1.29
1.219
1.149
1.08
1.013
0.946
0.882
0.819
0.758
0.699
0.643
0.589
0.537
0.488
0.441
0.398
0.357
0.319
0.283
0.251
0.222
0.196
0.173
0.153
0.137
0.123
0.113
0.107
0.103
0.103
0.107
0.114
0.124
0.137
0.154
0.174
0.198
0.225
0.255
0.288
0.324
0.363
0.404
0.449
0.496
0.546
0.597
0.651
0.708
0.765
0.825
0.886
0.949
1.013
1.078
1.144
1.21
1.277
1.345
1.413
1.481
1.548
1.616
1.683
1.749
1.815
1.879
1.943
2.005
2.066
2.126
2.183
2.239
2.293
2.345
2.395
2.443
2.488
2.53
2.571
2.608
2.643
2.675
2.705
2.731
2.755
2.775
2.793
2.808
2.819
2.828
2.833
2.835
2.834
2.83
2.823
2.812
2.799
2.781
2.761
2.737
2.71
2.68
2.646
2.609
2.569
2.525
2.479
2.43
2.377
2.322
2.265
2.205
2.142
2.078
2.012
1.944
1.874
1.804
1.732
1.66
1.587
1.514
1.441
1.368
1.296
1.225
1.154
1.085
1.017
0.951
0.887
0.824
0.764
0.705
0.649
0.596
0.545
0.496
0.45
0.408
0.368
0.33
0.296
0.265
0.237
0.212
0.191
0.172
0.157
0.146
0.137
0.132
0.13
0.132
0.137
0.146
0.158
0.173
0.191
0.213
0.238
0.267
0.298
0.333
0.37
0.41
0.453
0.498
0.546
0.596
0.649
0.703
0.76
0.818
0.877
0.938
1.001
1.064
1.128
1.193
1.259
1.325
1.391
1.458
1.524
1.59
1.655
1.72
1.785
1.848
1.91
1.971
2.031
2.089
2.145
2.2
2.253
2.303
2.352
2.398
2.442
2.483
2.522
2.558
2.592
2.622
2.65
2.675
2.698
2.717
2.733
2.746
2.757
2.764
2.768
2.769
2.767
2.761
2.753
2.741
2.726
2.708
2.687
2.662
2.634
2.603
2.569
2.531
2.49
2.447
2.4
2.35
2.298
2.242
2.185
2.125
2.062
1.998
1.932
1.864
1.795
1.724
1.653
1.581
1.508
1.436
1.363
1.291
1.22
1.149
1.079
1.011
0.944
0.879
0.816
0.754
0.695
0.638
0.584
0.532
0.482
0.436
0.392
0.351
0.314
0.279
0.247
0.219
0.194
0.172
0.153
0.138
0.126
0.117
0.112
0.11
0.112
0.117
0.125
0.137
0.153
0.172
0.194
0.219
0.248
0.28
0.315
0.353
0.394
0.437
0.484
0.533
0.584
0.638
0.693
0.751
0.811
0.872
0.935
0.999
1.065
1.131
1.198
1.266
1.335
1.404
1.473
1.542
1.611
1.679
1.747
1.814
1.881
1.946
2.01
2.073
2.134
2.194
2.252
2.308
2.361
2.413
2.462
2.509
2.554
2.596
2.635
2.671
2.705
2.735
2.763
2.788
2.809
2.828
2.843
2.856
2.865
2.871
2.874
2.873
2.87
2.863
2.853
2.839
2.823
2.803
2.78
2.753
2.723
2.69
2.654
2.614
2.571
2.525
2.476
2.424
2.37
2.312
2.252
2.189
2.124
2.058
1.989
1.918
1.846
1.773
1.699
1.625
1.549
1.474
1.399
1.324
1.25
1.176
1.104
1.032
0.963
0.895
0.829
0.765
0.703
0.644
0.587
0.532
0.481
0.432
0.386
0.344
0.304
0.267
0.234
0.203
0.176
0.153
0.132
0.115
0.102
0.092
0.085
0.082
0.082
0.086
0.093
0.104
0.118
0.135
0.156
0.18
0.207
0.238
0.271
0.308
0.347
0.39
0.435
0.482
0.532
0.585
0.639
0.696
0.754
0.814
0.876
0.939
1.003
1.068
1.134
1.201
1.268
1.336
1.403
1.471
1.539
1.606
1.672
1.738
1.803
1.868
1.93
1.992
2.052
2.11
2.167
2.221
2.273
2.324
2.372
2.417
2.46
2.5
2.538
2.573
2.605
2.634
2.66
2.683
2.703
2.721
2.735
2.746
2.754
2.759
2.76
2.759
2.755
2.747
2.736
2.722
2.705
2.684
2.661
2.634
2.604
2.571
2.534
2.495
2.452
2.407
2.359
2.307
2.253
2.197
2.138
2.076
2.013
1.947
1.88
1.811
1.741
1.67
1.598
1.525
1.452
1.379
1.307
1.235
1.163
1.093
1.023
0.956
0.89
0.825
0.763
0.703
0.646
0.591
0.538
0.489
0.442
0.398
0.357
0.32
0.285
0.254
0.226
0.202
0.18
0.162
0.148
0.137
0.129
0.125
0.124
0.127
0.133
0.143
0.156
0.172
0.192
0.215
0.241
0.271
0.304
0.34
0.378
0.42
0.465
0.512
0.562
0.614
0.669
0.726
0.784
0.845
0.907
0.971
1.036
1.103
1.17
1.239
1.308
1.377
1.447
1.517
1.587
1.656
1.726
1.794
1.862
1.929
1.995
2.059
2.123
2.184
2.244
2.302
2.358
2.411
2.462
2.511
2.558
2.601
2.642
2.68
2.716
2.748
2.777
2.803
2.826
2.846
2.863
2.877
2.887
2.894
2.898
2.899
2.897
2.891
2.882
2.87
2.854
2.836
2.814
2.789
2.76
2.729
2.694
2.656
2.615
2.571
2.523
2.473
2.42
2.364
2.305
2.243
2.179
2.113
2.045
1.975
1.903
1.829
1.755
1.679
1.603
1.526
1.449
1.372
1.295
1.219
1.144
1.07
0.997
0.926
0.856
0.789
0.723
0.66
0.6
0.542
0.487
0.435
0.386
0.34
0.297
0.257
0.221
0.188
0.158
0.132
0.109
0.089
0.073
0.061
0.052
0.046
0.044
0.045
0.05
0.058
0.07
0.085
0.104
0.126
0.151
0.179
0.211
0.245
0.283
0.324
0.367
0.413
0.462
0.513
0.566
0.622
0.68
0.739
0.8
0.863
0.927
0.993
1.059
